74004 1Y7 Yuma Prv Grnd & Observations at 12Z 02 Feb 2017

-----------------------------------------------------------------------------
   PRES   HGHT   TEMP   DWPT   RELH   MIXR   DRCT   SKNT   THTA   THTE   THTV
    hPa     m      C      C      %    g/kg    deg   knot     K      K      K 
-----------------------------------------------------------------------------
 1002.0     98    9.4   -0.6     50   3.67    145      1  282.4  292.9  283.0
 1000.0    148   11.0    1.0     50   4.13    110      3  284.1  296.0  284.9
  995.0    190   15.2    0.2     36   3.92    115      3  288.8  300.3  289.4
  990.0    233   17.0   -1.0     29   3.61    121      4  291.0  301.7  291.6
  981.7    305   17.7   -0.9     28   3.67    130      4  292.4  303.4  293.1
  976.0    355   18.2   -0.8     28   3.71    133      4  293.4  304.6  294.0
  947.2    610   16.9   -3.3     25   3.19    150      1  294.5  304.3  295.1
  925.0    812   15.8   -5.2     23   2.82    180      2  295.5  304.1  296.0
  913.8    914   15.1   -5.8     23   2.74    170      2  295.8  304.2  296.3
  881.2   1219   13.1   -7.4     23   2.50    150      5  296.7  304.5  297.2
  850.0   1522   11.0   -9.0     24   2.29    180      3  297.7  304.9  298.1
  849.8   1524   11.0   -9.0     24   2.28    190      3  297.7  304.8  298.1
  819.1   1829    9.2  -13.8     18   1.62    175      7  298.9  304.1  299.2
  819.0   1830    9.2  -13.8     18   1.62    175      7  298.9  304.1  299.2
  800.0   2025   10.2  -18.8     11   1.09    188      9  302.0  305.6  302.2
  789.5   2134    9.8  -24.2      7   0.69    195     10  302.8  305.1  302.9
  765.0   2395    9.0  -37.0      2   0.21    234     19  304.6  305.4  304.6
  761.0   2438    8.7  -36.8      2   0.22    240     21  304.8  305.6  304.8
  733.3   2743    6.9  -35.6      3   0.25    230     24  306.0  306.9  306.1
  720.0   2894    6.0  -35.0      3   0.27    235     26  306.6  307.6  306.7
  706.5   3048    4.8  -35.5      3   0.26    240     29  306.9  307.9  307.0
  700.0   3123    4.2  -35.8      4   0.26    240     29  307.1  308.1  307.1
  680.4   3353    2.3  -30.5      7   0.45    245     29  307.5  309.1  307.6
  665.0   3538    0.8  -26.2     11   0.68    242     27  307.8  310.2  307.9
  655.1   3658    0.3  -28.6      9   0.56    240     26  308.6  310.6  308.7
  606.9   4267   -2.3  -40.7      3   0.18    240     29  312.4  313.1  312.5
  585.0   4560   -3.5  -46.5      2   0.10    235     30  314.3  314.7  314.3
  561.6   4877   -6.0  -41.5      4   0.18    230     32  315.0  315.7  315.1
  519.3   5486  -10.8  -31.8     16   0.52    230     30  316.4  318.3  316.5
  500.0   5780  -13.1  -27.1     30   0.83    240     36  317.0  320.0  317.2
  493.0   5887  -14.1  -27.1     32   0.85    240     36  317.1  320.1  317.2
  479.5   6096  -14.7  -43.2      7   0.18    240     37  318.9  319.6  318.9
  474.0   6183  -14.9  -49.9      3   0.08    244     36  319.6  320.0  319.7
  460.4   6401  -16.4  -48.4      4   0.10    255     33  320.5  320.9  320.6
  441.9   6706  -18.4  -46.3      7   0.14    260     41  321.7  322.3  321.8
  425.0   6996  -20.3  -44.3     10   0.18    250     49  322.9  323.6  322.9
  424.2   7010  -20.4  -44.2     10   0.18    250     49  322.9  323.6  322.9
  400.0   7440  -24.3  -41.3     19   0.26    245     49  323.3  324.3  323.4
  390.1   7620  -25.9  -41.8     21   0.25    245     49  323.5  324.5  323.5
  373.9   7925  -28.8  -42.7     25   0.24    240     53  323.7  324.7  323.8
  350.0   8400  -33.1  -44.1     32   0.22    242     56  324.0  324.9  324.1
  333.0   8750  -35.3  -52.3     16   0.09    243     58  325.6  326.0  325.7
  314.5   9144  -38.8  -49.8     30   0.13    245     61  326.1  326.7  326.2
  300.0   9470  -41.7  -47.7     52   0.17    250     60  326.5  327.2  326.5
  258.0  10475  -49.5  -50.6     88   0.14    254     66  329.4  330.0  329.4
  250.5  10668  -51.0  -53.1     78   0.11    255     67  329.9  330.4  329.9
  250.0  10680  -51.1  -53.3     77   0.11    255     66  330.0  330.4  330.0
  235.0  11078  -54.7  -56.8     77   0.07    258     69  330.4  330.7  330.4
  230.0  11215  -55.5  -59.5     61   0.05    259     70  331.2  331.5  331.2
  219.0  11525  -58.1  -60.2     77   0.05    261     72  331.9  332.1  331.9
  200.0  12090  -61.9  -65.0     66   0.03    265     76  334.6  334.7  334.6
  187.1  12497  -65.1  -68.7     61   0.02    265     81  335.8  335.9  335.8
  181.0  12700  -66.7  -70.5     59   0.02    263     79  336.4  336.5  336.4
  175.0  12904  -67.7  -69.9     73   0.02    260     77  338.1  338.1  338.1
  174.0  12938  -67.7  -69.8     74   0.02    260     77  338.6  338.7  338.6
  167.0  13185  -67.9  -70.7     67   0.02    257     74  342.3  342.4  342.3
  166.0  13221  -68.3  -72.7     53   0.01    256     73  342.2  342.2  342.2
  162.0  13368  -65.7  -77.7     17   0.01    254     72  348.9  349.0  348.9
  153.1  13716  -63.0  -79.5      9   0.00    250     68  359.2  359.2  359.2
  150.0  13840  -62.1  -80.1      7   0.00    265     81  362.9  362.9  362.9
  149.0  13881  -61.9  -80.6      7   0.00    265     82  364.0  364.0  364.0
  146.0  14007  -61.1  -82.1      5   0.00    265     82  367.4  367.5  367.4
  145.7  14021  -61.1  -82.2      5   0.00    265     82  367.7  367.7  367.7
  132.0  14630  -61.4  -85.0      3   0.00    265     56  377.7  377.7  377.7
  125.6  14935  -61.5  -86.4      2   0.00    255     54  382.9  382.9  382.9
  119.6  15240  -61.6  -87.8      2   0.00    245     61  388.1  388.1  388.1
  116.0  15428  -61.7  -88.7      2   0.00    243     62  391.3  391.3  391.3
  108.2  15850  -64.6  -90.2      2   0.00    240     65  393.7  393.7  393.7
  100.0  16330  -67.9  -91.9      2   0.00    260     73  396.3  396.3  396.3
Station information and sounding indices

                         Station identifier: 1Y7
                             Station number: 74004
                           Observation time: 170202/1200
                           Station latitude: 32.85
                          Station longitude: -114.40
                          Station elevation: 98.0
                            Showalter index: 12.59
                               Lifted index: 13.99
    LIFT computed using virtual temperature: 13.99
                                SWEAT index: 41.98
                                    K index: -24.90
                         Cross totals index: 4.10
                      Vertical totals index: 24.10
                        Totals totals index: 28.20
      Convective Available Potential Energy: 0.00
             CAPE using virtual temperature: 0.00
                      Convective Inhibition: 0.00
             CINS using virtual temperature: 0.00
                     Bulk Richardson Number: 0.00
          Bulk Richardson Number using CAPV: 0.00
  Temp [K] of the Lifted Condensation Level: 268.26
Pres [hPa] of the Lifted Condensation Level: 743.46
     Mean mixed layer potential temperature: 292.00
              Mean mixed layer mixing ratio: 3.61
              1000 hPa to 500 hPa thickness: 5632.00
Precipitable water [mm] for entire sounding: 7.21